$ 1 0.000005 5.023272298708815 59 5 43 5e-11
R -448 64 -512 64 0 0 40 5 0 0 0.5
f -256 112 -256 64 33 1.5 1
t -288 144 -256 144 0 1 0.0006900347640993318 0.001365670834762409 100 default
w -256 112 -256 128 0
w -256 160 -256 208 0
g -256 208 -256 256 0 0
r -336 144 -336 64 0 2000
w -336 144 -288 144 0
r -336 144 -336 208 0 10000
w -336 208 -256 208 0
f -32 112 -32 64 41 1.5 1
w -64 64 -48 64 0
w -16 64 48 64 0
R 112 64 112 -16 0 0 40 3.7 0 0 0.5
s 48 64 112 64 0 0 false
w -272 -16 32 -16 0
w -32 112 -32 160 0
c -144 144 -144 208 4 0.000009999999999999999 3.699299951587412 -10 0.1
w -192 208 -160 208 0
w -224 64 -192 64 0
w -240 64 -224 64 0
w -336 64 -272 64 0
w -400 -16 -272 -16 0
w -416 0 -416 64 0
w -336 64 -352 64 0
w -416 0 -416 -16 0
w -416 -16 -400 -16 0
w -192 208 -224 208 0
w -224 208 -256 208 0
f -240 368 -240 320 41 1.5 1
w -416 320 -400 320 0
w -400 320 -384 320 0
w -384 320 -368 320 0
w -368 320 -336 320 0
w -336 320 -288 320 0
w -288 320 -256 320 0
r 80 464 80 400 0 50
w -224 320 80 320 0
w 80 320 80 400 0
R -496 480 -560 480 0 0 40 3.3 0 0 0.5
r -288 416 -288 320 0 47000
r -112 416 -208 416 0 2000
w -240 368 -240 416 0
w -240 416 -208 416 0
w -240 416 -288 416 0
t -272 480 -240 480 0 1 -3.68137510243594 6.302291836882092e-9 100 default
w -240 416 -240 464 0
w -240 496 -240 560 0
r -272 480 -368 480 0 2000
r -272 544 -272 480 0 10000
w -272 544 -272 560 0
w -272 560 -240 560 0
S -368 480 -416 480 0 0 false 0 2
w -496 480 -496 464 0
w -496 464 -416 464 0
g -416 496 -416 560 0 0
g -240 560 -240 608 0 0
r -368 480 -368 560 0 100000
w -368 560 -272 560 0
d -112 416 -48 416 2 default
w -240 560 -48 560 0
s -48 416 -48 560 0 1 false
w 80 464 80 560 0
w 80 560 -48 560 0
t -384 368 -336 368 0 -1 -0.6051185889182467 -0.6230434317674272 100 default
w -336 320 -336 352 0
w -336 384 -336 416 0
w -336 416 -288 416 0
r -384 368 -384 320 0 10000
r -384 368 -480 368 0 2000
g -528 384 -528 448 0 0
S -480 368 -528 368 0 0 false 0 2
w -144 208 -160 208 0
d -192 64 -144 64 2 default
w -144 64 -128 64 0
w -144 144 -144 64 0
r -32 160 -32 224 0 47000
g -32 224 -32 256 0 0
w 32 160 -32 160 0
w 32 -16 48 -16 0
w 48 32 48 112 0
w 48 -16 48 32 0
w 48 112 48 160 0
w 48 160 32 160 0
w -128 64 -64 64 0
w -416 64 -352 64 0
w -128 64 -128 288 0
w -128 288 -416 288 0
w -416 288 -416 320 0
w 224 432 192 464 0
w 208 448 240 448 0
w 240 448 224 464 0
w 208 480 208 512 0
w 208 480 256 480 0
w 256 480 256 528 0
w 224 496 192 576 0
w 224 512 272 576 0
w 288 464 304 464 0
w 288 432 288 464 0
w 272 480 368 464 0
w 272 496 320 480 0
w 304 480 304 512 0
w 272 496 320 496 0
w 272 512 320 512 0
w 304 512 304 544 0
w 336 432 368 592 0
w 368 512 336 560 0
w 352 432 368 448 0
w 400 480 384 528 0
w 384 528 416 528 0
w 416 528 400 560 0
w 400 496 416 496 0
w 432 512 432 544 0
w 448 512 464 512 0
w 464 512 464 544 0
w 464 544 448 544 0
w 464 560 496 560 0
w 496 560 496 496 0
w 496 496 528 496 0
w 528 496 528 544 0
w 528 544 528 560 0
w 528 560 560 560 0
w -128 288 96 288 0
r 192 144 192 224 0 100000
r 288 224 192 224 0 2000
r 288 224 288 144 0 10000
f 352 288 352 336 41 1.5 1
t 320 224 352 224 1 1 -3.6992995598524816 3.460076383332235e-8 100 default
w 288 224 320 224 0
w 352 240 352 288 0
w 96 288 192 288 0
w 192 288 192 336 0
w 192 336 336 336 0
w 352 208 352 144 0
g 352 144 352 96 0 0
w 192 144 288 144 0
w 288 144 352 144 0
w 368 336 448 336 0
r 448 336 448 272 0 50
g 448 272 448 224 0 0
r 352 288 192 288 0 47000
w 192 224 144 224 0
R 128 208 64 208 0 0 40 3.3 0 0 0.5
o 36 64 0 4099 0.0000762939453125 0.00009765625 0 2 36 3
